#CLCT slope without consistency criteria amendment by residual GEM association difference in 1/8th strips
#Structure is input unsigned residual 1/8th strip difference (uint16_t) -> output unsigned slope change (uint16_t)
#<header> v1.0 8 32 </header>
0 0
1 1
2 2
3 3
4 4
5 5
6 6
7 7
8 8
9 9
10 10
11 11
12 12
13 13
14 14
15 15
16 16
17 17
18 18
19 19
20 20
21 21
22 22
23 23
24 24
25 25
26 26
27 27
28 28
29 29
30 30
31 31
32 32
33 33
34 34
35 35
36 36
37 37
38 38
39 39
40 40
41 41
42 42
43 43
44 44
45 45
46 46
47 47
48 48
49 49
50 50
51 51
52 52
53 53
54 54
55 55
56 56
57 57
58 58
59 59
60 60
61 61
62 62
63 63
64 63
65 63
66 63
67 63
68 63
69 63
70 63
71 63
72 63
73 63
74 63
75 63
76 63
77 63
78 63
79 63
80 63
81 63
82 63
83 63
84 63
85 63
86 63
87 63
88 63
89 63
90 63
91 63
92 63
93 63
94 63
95 63
96 63
97 63
98 63
99 63
100 63
101 63
102 63
103 63
104 63
105 63
106 63
107 63
108 63
109 63
110 63
111 63
112 63
113 63
114 63
115 63
116 63
117 63
118 63
119 63
120 63
121 63
122 63
123 63
124 63
125 63
126 63
127 63
128 63
129 63
130 63
131 63
132 63
133 63
134 63
135 63
136 63
137 63
138 63
139 63
140 63
141 63
142 63
143 63
144 63
145 63
146 63
147 63
148 63
149 63
150 63
151 63
152 63
153 63
154 63
155 63
156 63
157 63
158 63
159 63
160 63
161 63
162 63
163 63
164 63
165 63
166 63
167 63
168 63
169 63
170 63
171 63
172 63
173 63
174 63
175 63
176 63
177 63
178 63
179 63
180 63
181 63
182 63
183 63
184 63
185 63
186 63
187 63
188 63
189 63
190 63
191 63
192 63
193 63
194 63
195 63
196 63
197 63
198 63
199 63
200 63
201 63
202 63
203 63
204 63
205 63
206 63
207 63
208 63
209 63
210 63
211 63
212 63
213 63
214 63
215 63
216 63
217 63
218 63
219 63
220 63
221 63
222 63
223 63
224 63
225 63
226 63
227 63
228 63
229 63
230 63
231 63
232 63
233 63
234 63
235 63
236 63
237 63
238 63
239 63
240 63
241 63
242 63
243 63
244 63
245 63
246 63
247 63
248 63
249 63
250 63
251 63
252 63
253 63
254 63
255 63
